Terminal||38|116|1||TS?||8|4|Terminals||terminal_481
Terminal||38|143|1||TS?||8|4|Terminals||terminal_481
Terminal||550|143|1||TS?||9|4|Terminals||terminal_491
Terminal||550|363|1||TS?||9|4|Terminals||terminal_491
Wire||184|400|11||21|#FFFF00|16|11||10|
Wire||49|152|11||11|#000000|1|11||10|
Wire||748|17|21||11|#000000|3|11||10|
Wire||155|44|21||11|#FF0000|2|11||10|
Wire||101|17|21||11|#000000|3|11||10|
Wire||425|17|21||11|#000000|3|11||10|
Wire||236|209|21||13|#FFFF00|3|11||10|
Wire||49|198|12||21|#FFFF00|25|11||8|
Wire||76|183|13||11|#3253FF|10|11||10|
Wire||130|210|13||11|#A233C3|7|11||8|
Wire||209|209|21||13|#FFFF00|3|11||10|
Wire||182|209|21||13|#FFFF00|3|11||10|
Wire||750|345|11||11|#999999|3|11||10|
Wire||775|44|21||11|#FF0000|2|11||10|
Wire||211|345|11||21|#FFFF00|16|11||10|
Wire||238|320|13||21|#FFFF00|16|11||10|
Switch||802|370|3||SW?|1||1|Switch||switch_113
Wire||802|209|21||11|#000000|3|11||10|
Wire||615|125|11||11|#999999|8|11||10|
Switch||802|150|3||SW?|1||1|Switch||switch_113
Wire||802|17|21||11|#000000|3|11||10|
Terminal||281|116|1||TS?||6|4|Terminals||terminal_461
Wire||265|281|12||11|#999999|18|11||10|
Wire||253|209|22||11|#999999|4|11||10|
Wire||371|44|21||11|#FF0000|2|11||10|
Wire||346|210|13||11|#3253FF|12|11||10|
Wire||319|171|12||11|#A233C3|14|11||8|
BREADBOARDSTYLE=BB12
SHOWTHETOPAREA=false
